1.000000000000000000e+00 1.000000000000000000e+00 1.000000000000000000e+00 1.000000000000000000e+00 2.000000000000000000e+00 2.000000000000000000e+00 2.000000000000000000e+00 1.000000000000000000e+00 1.000000000000000000e+00 1.000000000000000000e+00 1.000000000000000000e+00 1.000000000000000000e+00 1.000000000000000000e+00 1.000000000000000000e+00 1.000000000000000000e+00 1.000000000000000000e+00 1.000000000000000000e+00 1.000000000000000000e+00 1.000000000000000000e+00 1.000000000000000000e+00
1.000000000000000000e+00 1.000000000000000000e+00 2.000000000000000000e+00 5.000000000000000000e+00 1.000000000000000000e+01 1.300000000000000000e+01 1.000000000000000000e+01 5.000000000000000000e+00 3.000000000000000000e+00 1.000000000000000000e+00 1.000000000000000000e+00 1.000000000000000000e+00 2.000000000000000000e+00 2.000000000000000000e+00 3.000000000000000000e+00 2.000000000000000000e+00 1.000000000000000000e+00 1.000000000000000000e+00 1.000000000000000000e+00 1.000000000000000000e+00
1.000000000000000000e+00 3.000000000000000000e+00 9.000000000000000000e+00 2.600000000000000000e+01 4.400000000000000000e+01 5.500000000000000000e+01 4.400000000000000000e+01 2.800000000000000000e+01 1.200000000000000000e+01 5.000000000000000000e+00 4.000000000000000000e+00 5.000000000000000000e+00 8.000000000000000000e+00 1.300000000000000000e+01 1.500000000000000000e+01 1.300000000000000000e+01 7.000000000000000000e+00 3.000000000000000000e+00 1.000000000000000000e+00 1.000000000000000000e+00
1.000000000000000000e+00 8.000000000000000000e+00 3.000000000000000000e+01 8.000000000000000000e+01 1.420000000000000000e+02 1.730000000000000000e+02 1.420000000000000000e+02 8.400000000000000000e+01 3.900000000000000000e+01 1.800000000000000000e+01 1.300000000000000000e+01 1.800000000000000000e+01 3.000000000000000000e+01 4.700000000000000000e+01 5.800000000000000000e+01 4.700000000000000000e+01 2.600000000000000000e+01 1.000000000000000000e+01 3.000000000000000000e+00 1.000000000000000000e+00
3.000000000000000000e+00 1.600000000000000000e+01 6.200000000000000000e+01 1.670000000000000000e+02 3.010000000000000000e+02 3.730000000000000000e+02 3.010000000000000000e+02 1.800000000000000000e+02 8.400000000000000000e+01 4.100000000000000000e+01 3.000000000000000000e+01 4.400000000000000000e+01 8.000000000000000000e+01 1.310000000000000000e+02 1.540000000000000000e+02 1.260000000000000000e+02 6.900000000000000000e+01 2.600000000000000000e+01 7.000000000000000000e+00 1.000000000000000000e+00
4.000000000000000000e+00 2.200000000000000000e+01 8.800000000000000000e+01 2.390000000000000000e+02 4.300000000000000000e+02 5.340000000000000000e+02 4.430000000000000000e+02 2.650000000000000000e+02 1.260000000000000000e+02 6.500000000000000000e+01 5.500000000000000000e+01 8.000000000000000000e+01 1.480000000000000000e+02 2.390000000000000000e+02 2.830000000000000000e+02 2.310000000000000000e+02 1.260000000000000000e+02 4.700000000000000000e+01 1.300000000000000000e+01 2.000000000000000000e+00
4.000000000000000000e+00 2.100000000000000000e+01 8.400000000000000000e+01 2.310000000000000000e+02 4.190000000000000000e+02 5.070000000000000000e+02 4.430000000000000000e+02 2.740000000000000000e+02 1.310000000000000000e+02 7.200000000000000000e+01 6.500000000000000000e+01 1.060000000000000000e+02 1.870000000000000000e+02 3.110000000000000000e+02 3.510000000000000000e+02 2.830000000000000000e+02 1.540000000000000000e+02 5.800000000000000000e+01 1.500000000000000000e+01 3.000000000000000000e+00
3.000000000000000000e+00 1.400000000000000000e+01 5.500000000000000000e+01 1.480000000000000000e+02 2.650000000000000000e+02 3.410000000000000000e+02 3.010000000000000000e+02 1.940000000000000000e+02 1.060000000000000000e+02 6.900000000000000000e+01 7.200000000000000000e+01 1.060000000000000000e+02 1.800000000000000000e+02 2.740000000000000000e+02 3.110000000000000000e+02 2.390000000000000000e+02 1.260000000000000000e+02 4.700000000000000000e+01 1.300000000000000000e+01 2.000000000000000000e+00
1.000000000000000000e+00 6.000000000000000000e+00 2.400000000000000000e+01 6.500000000000000000e+01 1.210000000000000000e+02 1.600000000000000000e+02 1.480000000000000000e+02 1.100000000000000000e+02 7.600000000000000000e+01 5.800000000000000000e+01 6.500000000000000000e+01 9.200000000000000000e+01 1.370000000000000000e+02 1.800000000000000000e+02 1.940000000000000000e+02 1.420000000000000000e+02 7.200000000000000000e+01 2.600000000000000000e+01 7.000000000000000000e+00 1.000000000000000000e+00
1.000000000000000000e+00 2.000000000000000000e+00 8.000000000000000000e+00 2.100000000000000000e+01 3.900000000000000000e+01 5.500000000000000000e+01 6.200000000000000000e+01 6.200000000000000000e+01 6.200000000000000000e+01 6.200000000000000000e+01 7.200000000000000000e+01 8.800000000000000000e+01 1.060000000000000000e+02 1.100000000000000000e+02 9.700000000000000000e+01 6.200000000000000000e+01 3.000000000000000000e+01 1.200000000000000000e+01 3.000000000000000000e+00 1.000000000000000000e+00
1.000000000000000000e+00 1.000000000000000000e+00 2.000000000000000000e+00 5.000000000000000000e+00 1.000000000000000000e+01 1.800000000000000000e+01 2.800000000000000000e+01 4.400000000000000000e+01 6.200000000000000000e+01 8.000000000000000000e+01 9.700000000000000000e+01 1.060000000000000000e+02 9.200000000000000000e+01 7.200000000000000000e+01 4.700000000000000000e+01 2.400000000000000000e+01 1.000000000000000000e+01 3.000000000000000000e+00 1.000000000000000000e+00 1.000000000000000000e+00
1.000000000000000000e+00 1.000000000000000000e+00 1.000000000000000000e+00 1.000000000000000000e+00 3.000000000000000000e+00 7.000000000000000000e+00 1.600000000000000000e+01 3.900000000000000000e+01 7.600000000000000000e+01 1.210000000000000000e+02 1.480000000000000000e+02 1.370000000000000000e+02 9.700000000000000000e+01 5.500000000000000000e+01 2.400000000000000000e+01 9.000000000000000000e+00 3.000000000000000000e+00 1.000000000000000000e+00 1.000000000000000000e+00 1.000000000000000000e+00
1.000000000000000000e+00 1.000000000000000000e+00 1.000000000000000000e+00 1.000000000000000000e+00 1.000000000000000000e+00 3.000000000000000000e+00 1.300000000000000000e+01 3.600000000000000000e+01 8.800000000000000000e+01 1.480000000000000000e+02 1.870000000000000000e+02 1.600000000000000000e+02 1.010000000000000000e+02 4.400000000000000000e+01 1.600000000000000000e+01 4.000000000000000000e+00 1.000000000000000000e+00 1.000000000000000000e+00 1.000000000000000000e+00 1.000000000000000000e+00
1.000000000000000000e+00 1.000000000000000000e+00 1.000000000000000000e+00 1.000000000000000000e+00 1.000000000000000000e+00 2.000000000000000000e+00 9.000000000000000000e+00 3.200000000000000000e+01 8.400000000000000000e+01 1.420000000000000000e+02 1.800000000000000000e+02 1.480000000000000000e+02 8.800000000000000000e+01 3.600000000000000000e+01 1.000000000000000000e+01 2.000000000000000000e+00 1.000000000000000000e+00 1.000000000000000000e+00 1.000000000000000000e+00 1.000000000000000000e+00
1.000000000000000000e+00 1.000000000000000000e+00 1.000000000000000000e+00 1.000000000000000000e+00 1.000000000000000000e+00 1.000000000000000000e+00 5.000000000000000000e+00 2.100000000000000000e+01 5.500000000000000000e+01 1.010000000000000000e+02 1.210000000000000000e+02 1.010000000000000000e+02 5.500000000000000000e+01 2.200000000000000000e+01 6.000000000000000000e+00 1.000000000000000000e+00 1.000000000000000000e+00 1.000000000000000000e+00 1.000000000000000000e+00 1.000000000000000000e+00
1.000000000000000000e+00 1.000000000000000000e+00 1.000000000000000000e+00 1.000000000000000000e+00 1.000000000000000000e+00 1.000000000000000000e+00 3.000000000000000000e+00 1.000000000000000000e+01 2.600000000000000000e+01 4.700000000000000000e+01 5.800000000000000000e+01 4.700000000000000000e+01 2.600000000000000000e+01 1.000000000000000000e+01 3.000000000000000000e+00 1.000000000000000000e+00 1.000000000000000000e+00 1.000000000000000000e+00 1.000000000000000000e+00 1.000000000000000000e+00
1.000000000000000000e+00 1.000000000000000000e+00 1.000000000000000000e+00 1.000000000000000000e+00 1.000000000000000000e+00 1.000000000000000000e+00 1.000000000000000000e+00 3.000000000000000000e+00 9.000000000000000000e+00 1.500000000000000000e+01 1.900000000000000000e+01 1.500000000000000000e+01 9.000000000000000000e+00 3.000000000000000000e+00 1.000000000000000000e+00 1.000000000000000000e+00 1.000000000000000000e+00 1.000000000000000000e+00 1.000000000000000000e+00 1.000000000000000000e+00
1.000000000000000000e+00 1.000000000000000000e+00 1.000000000000000000e+00 1.000000000000000000e+00 1.000000000000000000e+00 1.000000000000000000e+00 1.000000000000000000e+00 1.000000000000000000e+00 2.000000000000000000e+00 4.000000000000000000e+00 4.000000000000000000e+00 4.000000000000000000e+00 2.000000000000000000e+00 1.000000000000000000e+00 1.000000000000000000e+00 1.000000000000000000e+00 1.000000000000000000e+00 1.000000000000000000e+00 1.000000000000000000e+00 1.000000000000000000e+00
1.000000000000000000e+00 1.000000000000000000e+00 1.000000000000000000e+00 1.000000000000000000e+00 1.000000000000000000e+00 1.000000000000000000e+00 1.000000000000000000e+00 1.000000000000000000e+00 1.000000000000000000e+00 1.000000000000000000e+00 1.000000000000000000e+00 1.000000000000000000e+00 1.000000000000000000e+00 1.000000000000000000e+00 1.000000000000000000e+00 1.000000000000000000e+00 1.000000000000000000e+00 1.000000000000000000e+00 1.000000000000000000e+00 1.000000000000000000e+00
1.000000000000000000e+00 1.000000000000000000e+00 1.000000000000000000e+00 1.000000000000000000e+00 1.000000000000000000e+00 1.000000000000000000e+00 1.000000000000000000e+00 1.000000000000000000e+00 1.000000000000000000e+00 1.000000000000000000e+00 1.000000000000000000e+00 1.000000000000000000e+00 1.000000000000000000e+00 1.000000000000000000e+00 1.000000000000000000e+00 1.000000000000000000e+00 1.000000000000000000e+00 1.000000000000000000e+00 1.000000000000000000e+00 1.000000000000000000e+00
