6.000000000000000000e+00 6.000000000000000000e+00
8.692555491927604905e+00 1.007926969004427775e+01
8.692555491927604905e+00 1.007926969004427775e+01
8.692555491927604905e+00 1.007926969004427775e+01
8.692555491927604905e+00 1.007926969004427775e+01
8.692555491927604905e+00 1.007926969004427775e+01
8.692555491927645761e+00 1.007926969004432038e+01
8.692555491927645761e+00 1.007926969004432038e+01
8.692555491927645761e+00 1.007926969004432038e+01
8.692555491927645761e+00 1.007926969004432038e+01
8.692555491927645761e+00 1.007926969004432038e+01
8.692555491927645761e+00 1.007926969004432038e+01
8.692555491927645761e+00 1.007926969004432038e+01
7.000000000000000000e+00 1.500000000000000000e+01
