1.000000000000000000e+00 1.000000000000000000e+00 1.000000000000000000e+00 1.000000000000000000e+00 1.000000000000000000e+00 1.000000000000000000e+00 1.000000000000000000e+00 1.000000000000000000e+00 1.000000000000000000e+00 1.000000000000000000e+00 1.000000000000000000e+00 1.000000000000000000e+00 1.000000000000000000e+00 1.000000000000000000e+00 1.000000000000000000e+00 1.000000000000000000e+00 1.000000000000000000e+00 1.000000000000000000e+00 1.000000000000000000e+00 1.000000000000000000e+00
1.000000000000000000e+00 1.000000000000000000e+00 1.000000000000000000e+00 1.000000000000000000e+00 1.000000000000000000e+00 1.000000000000000000e+00 1.000000000000000000e+00 1.000000000000000000e+00 1.000000000000000000e+00 1.000000000000000000e+00 1.000000000000000000e+00 1.000000000000000000e+00 1.000000000000000000e+00 1.000000000000000000e+00 1.000000000000000000e+00 1.000000000000000000e+00 1.000000000000000000e+00 1.000000000000000000e+00 1.000000000000000000e+00 1.000000000000000000e+00
1.000000000000000000e+00 1.000000000000000000e+00 1.000000000000000000e+00 1.000000000000000000e+00 1.000000000000000000e+00 1.000000000000000000e+00 1.000000000000000000e+00 1.000000000000000000e+00 1.000000000000000000e+00 1.000000000000000000e+00 1.000000000000000000e+00 1.000000000000000000e+00 1.000000000000000000e+00 1.000000000000000000e+00 1.000000000000000000e+00 1.000000000000000000e+00 1.000000000000000000e+00 1.000000000000000000e+00 1.000000000000000000e+00 1.000000000000000000e+00
1.000000000000000000e+00 1.000000000000000000e+00 1.000000000000000000e+00 1.000000000000000000e+00 1.000000000000000000e+00 1.000000000000000000e+00 1.000000000000000000e+00 1.000000000000000000e+00 1.000000000000000000e+00 1.000000000000000000e+00 1.000000000000000000e+00 1.000000000000000000e+00 1.000000000000000000e+00 1.000000000000000000e+00 1.000000000000000000e+00 1.000000000000000000e+00 1.000000000000000000e+00 1.000000000000000000e+00 1.000000000000000000e+00 1.000000000000000000e+00
1.000000000000000000e+00 1.000000000000000000e+00 1.000000000000000000e+00 1.000000000000000000e+00 4.000000000000000000e+00 6.000000000000000000e+00 7.000000000000000000e+00 6.000000000000000000e+00 4.000000000000000000e+00 3.000000000000000000e+00 2.000000000000000000e+00 3.000000000000000000e+00 4.000000000000000000e+00 6.000000000000000000e+00 7.000000000000000000e+00 6.000000000000000000e+00 4.000000000000000000e+00 1.000000000000000000e+00 1.000000000000000000e+00 1.000000000000000000e+00
1.000000000000000000e+00 1.000000000000000000e+00 2.000000000000000000e+00 7.000000000000000000e+00 1.600000000000000000e+01 2.700000000000000000e+01 3.200000000000000000e+01 2.800000000000000000e+01 1.900000000000000000e+01 1.300000000000000000e+01 1.100000000000000000e+01 1.300000000000000000e+01 1.900000000000000000e+01 2.800000000000000000e+01 3.200000000000000000e+01 2.700000000000000000e+01 1.600000000000000000e+01 7.000000000000000000e+00 2.000000000000000000e+00 1.000000000000000000e+00
1.000000000000000000e+00 1.000000000000000000e+00 7.000000000000000000e+00 2.300000000000000000e+01 5.300000000000000000e+01 8.900000000000000000e+01 1.050000000000000000e+02 9.300000000000000000e+01 6.600000000000000000e+01 4.400000000000000000e+01 3.600000000000000000e+01 4.400000000000000000e+01 6.600000000000000000e+01 9.300000000000000000e+01 1.050000000000000000e+02 8.900000000000000000e+01 5.300000000000000000e+01 2.300000000000000000e+01 7.000000000000000000e+00 1.000000000000000000e+00
1.000000000000000000e+00 4.000000000000000000e+00 1.600000000000000000e+01 5.300000000000000000e+01 1.240000000000000000e+02 2.050000000000000000e+02 2.440000000000000000e+02 2.200000000000000000e+02 1.560000000000000000e+02 1.050000000000000000e+02 8.400000000000000000e+01 1.050000000000000000e+02 1.560000000000000000e+02 2.200000000000000000e+02 2.440000000000000000e+02 2.050000000000000000e+02 1.240000000000000000e+02 5.300000000000000000e+01 1.600000000000000000e+01 4.000000000000000000e+00
1.000000000000000000e+00 6.000000000000000000e+00 2.700000000000000000e+01 8.900000000000000000e+01 2.050000000000000000e+02 3.460000000000000000e+02 4.170000000000000000e+02 3.720000000000000000e+02 2.610000000000000000e+02 1.760000000000000000e+02 1.470000000000000000e+02 1.760000000000000000e+02 2.610000000000000000e+02 3.720000000000000000e+02 4.170000000000000000e+02 3.460000000000000000e+02 2.050000000000000000e+02 8.900000000000000000e+01 2.700000000000000000e+01 6.000000000000000000e+00
1.000000000000000000e+00 7.000000000000000000e+00 3.200000000000000000e+01 1.050000000000000000e+02 2.440000000000000000e+02 4.110000000000000000e+02 4.950000000000000000e+02 4.400000000000000000e+02 3.110000000000000000e+02 2.090000000000000000e+02 1.730000000000000000e+02 2.090000000000000000e+02 3.110000000000000000e+02 4.400000000000000000e+02 4.950000000000000000e+02 4.110000000000000000e+02 2.440000000000000000e+02 1.050000000000000000e+02 3.200000000000000000e+01 7.000000000000000000e+00
1.000000000000000000e+00 6.000000000000000000e+00 2.700000000000000000e+01 8.900000000000000000e+01 2.050000000000000000e+02 3.460000000000000000e+02 4.170000000000000000e+02 3.720000000000000000e+02 2.610000000000000000e+02 1.760000000000000000e+02 1.470000000000000000e+02 1.760000000000000000e+02 2.610000000000000000e+02 3.720000000000000000e+02 4.170000000000000000e+02 3.460000000000000000e+02 2.050000000000000000e+02 8.900000000000000000e+01 2.700000000000000000e+01 6.000000000000000000e+00
1.000000000000000000e+00 4.000000000000000000e+00 1.600000000000000000e+01 5.300000000000000000e+01 1.240000000000000000e+02 2.050000000000000000e+02 2.440000000000000000e+02 2.200000000000000000e+02 1.560000000000000000e+02 1.050000000000000000e+02 8.400000000000000000e+01 1.050000000000000000e+02 1.560000000000000000e+02 2.200000000000000000e+02 2.440000000000000000e+02 2.050000000000000000e+02 1.240000000000000000e+02 5.300000000000000000e+01 1.600000000000000000e+01 4.000000000000000000e+00
1.000000000000000000e+00 1.000000000000000000e+00 7.000000000000000000e+00 2.300000000000000000e+01 5.300000000000000000e+01 8.900000000000000000e+01 1.050000000000000000e+02 9.300000000000000000e+01 6.600000000000000000e+01 4.400000000000000000e+01 3.600000000000000000e+01 4.400000000000000000e+01 6.600000000000000000e+01 9.300000000000000000e+01 1.050000000000000000e+02 8.900000000000000000e+01 5.300000000000000000e+01 2.300000000000000000e+01 7.000000000000000000e+00 1.000000000000000000e+00
1.000000000000000000e+00 1.000000000000000000e+00 2.000000000000000000e+00 7.000000000000000000e+00 1.600000000000000000e+01 2.700000000000000000e+01 3.200000000000000000e+01 2.800000000000000000e+01 1.900000000000000000e+01 1.300000000000000000e+01 1.100000000000000000e+01 1.300000000000000000e+01 1.900000000000000000e+01 2.800000000000000000e+01 3.200000000000000000e+01 2.700000000000000000e+01 1.600000000000000000e+01 7.000000000000000000e+00 2.000000000000000000e+00 1.000000000000000000e+00
1.000000000000000000e+00 1.000000000000000000e+00 1.000000000000000000e+00 1.000000000000000000e+00 4.000000000000000000e+00 6.000000000000000000e+00 7.000000000000000000e+00 6.000000000000000000e+00 4.000000000000000000e+00 3.000000000000000000e+00 2.000000000000000000e+00 3.000000000000000000e+00 4.000000000000000000e+00 6.000000000000000000e+00 7.000000000000000000e+00 6.000000000000000000e+00 4.000000000000000000e+00 1.000000000000000000e+00 1.000000000000000000e+00 1.000000000000000000e+00
1.000000000000000000e+00 1.000000000000000000e+00 1.000000000000000000e+00 1.000000000000000000e+00 1.000000000000000000e+00 1.000000000000000000e+00 1.000000000000000000e+00 1.000000000000000000e+00 1.000000000000000000e+00 1.000000000000000000e+00 1.000000000000000000e+00 1.000000000000000000e+00 1.000000000000000000e+00 1.000000000000000000e+00 1.000000000000000000e+00 1.000000000000000000e+00 1.000000000000000000e+00 1.000000000000000000e+00 1.000000000000000000e+00 1.000000000000000000e+00
1.000000000000000000e+00 1.000000000000000000e+00 1.000000000000000000e+00 1.000000000000000000e+00 1.000000000000000000e+00 1.000000000000000000e+00 1.000000000000000000e+00 1.000000000000000000e+00 1.000000000000000000e+00 1.000000000000000000e+00 1.000000000000000000e+00 1.000000000000000000e+00 1.000000000000000000e+00 1.000000000000000000e+00 1.000000000000000000e+00 1.000000000000000000e+00 1.000000000000000000e+00 1.000000000000000000e+00 1.000000000000000000e+00 1.000000000000000000e+00
1.000000000000000000e+00 1.000000000000000000e+00 1.000000000000000000e+00 1.000000000000000000e+00 1.000000000000000000e+00 1.000000000000000000e+00 1.000000000000000000e+00 1.000000000000000000e+00 1.000000000000000000e+00 1.000000000000000000e+00 1.000000000000000000e+00 1.000000000000000000e+00 1.000000000000000000e+00 1.000000000000000000e+00 1.000000000000000000e+00 1.000000000000000000e+00 1.000000000000000000e+00 1.000000000000000000e+00 1.000000000000000000e+00 1.000000000000000000e+00
1.000000000000000000e+00 1.000000000000000000e+00 1.000000000000000000e+00 1.000000000000000000e+00 1.000000000000000000e+00 1.000000000000000000e+00 1.000000000000000000e+00 1.000000000000000000e+00 1.000000000000000000e+00 1.000000000000000000e+00 1.000000000000000000e+00 1.000000000000000000e+00 1.000000000000000000e+00 1.000000000000000000e+00 1.000000000000000000e+00 1.000000000000000000e+00 1.000000000000000000e+00 1.000000000000000000e+00 1.000000000000000000e+00 1.000000000000000000e+00
1.000000000000000000e+00 1.000000000000000000e+00 1.000000000000000000e+00 1.000000000000000000e+00 1.000000000000000000e+00 1.000000000000000000e+00 1.000000000000000000e+00 1.000000000000000000e+00 1.000000000000000000e+00 1.000000000000000000e+00 1.000000000000000000e+00 1.000000000000000000e+00 1.000000000000000000e+00 1.000000000000000000e+00 1.000000000000000000e+00 1.000000000000000000e+00 1.000000000000000000e+00 1.000000000000000000e+00 1.000000000000000000e+00 1.000000000000000000e+00
